2444214.55325 0.00017
2444214.61562 0.00017
2444214.67798 0.00017
2444968.02309 0.00116
2444968.95712 0.00116
2444969.01962 0.00116
2444978.99755 0.00116
2444993.90078 0.00069
2444993.96328 0.00069
2444994.02642 0.00069
2445020.90513 0.00023
2445021.90292 0.00023
2445024.83386 0.00069
2445731.96640 0.00035
2445763.83373 0.00006
2445854.88280 0.00116
2446054.94231 0.00116
2446086.93565 0.00003
2446086.99796 0.00003
2448560.55780 0.00005
2448773.21509 0.00006
2448774.21293 0.00006
2449137.91294 0.00006
2449143.96214 0.00006
2449144.02438 0.00006
2449144.08689 0.00006
2449144.96005 0.00006
2449145.02235 0.00006
2449145.08454 0.00006
2449145.14711 0.00006
2451870.77688 0.00006
2451870.90163 0.00006
2452284.67900 0.00001
2452284.67895 0.00006
2452284.74136 0.00002
2454914.83228 0.00001
2454914.89466 0.00001
2454916.82793 0.00002
2454919.69660 0.00002
2454920.75678 0.00002
2454922.62767 0.00002
2454922.69002 0.00001
2454922.75237 0.00001
2454922.81473 0.00001
2454937.78183 0.00002
2454937.84420 0.00001
2454938.71729 0.00002
2454938.77961 0.00001
2454940.65051 0.00003
2454940.71287 0.00001
2454940.77524 0.00003
2454940.83764 0.00002
2454941.77305 0.00001
2454941.83541 0.00003
2454942.64612 0.00001
2454942.77085 0.00001
2454942.83322 0.00001
2454942.89559 0.00003
2454943.70630 0.00001
2454943.76865 0.00001
2454943.83101 0.00002
2454970.64703 0.00004
2454970.70941 0.00004
2454993.65893 0.00002
2454998.64798 0.00002
2455005.63260 0.00003
2455135.97098 0.00002
2455156.92490 0.00002
2455156.98724 0.00002
2455157.92271 0.00003
2455158.98287 0.00002
2455160.91611 0.00002
2455160.97847 0.00002
2455161.91391 0.00002
2455161.97629 0.00003
2455162.91174 0.00003
2455205.94210 0.00001
2455206.00446 0.00001
2455206.93992 0.00001
2455207.00231 0.00002
2455208.87317 0.00002
2455209.87098 0.00001
2455209.93331 0.00002
2455209.99569 0.00001
2455212.98911 0.00002
2455244.91889 0.00001
2455244.98126 0.00002
2455246.97686 0.00002
2455389.66308 0.00002
2456670.34677 0.00003
2456717.36835 0.00003
2456748.30037 0.00001
2457100.33872 0.00003
2457101.14946 0.00004
2457748.28885 0.00002
2457748.35119 0.00002
2457802.23272 0.00003
2457802.41982 0.00003
2457829.36057 0.00004
2458140.42647 0.00002
2458200.23245 0.00003
2458542.41741 0.00005
2458580.08455 0.00004
2458851.30061 0.00004
2458870.25889 0.00004
2458870.38364 0.00003
2458871.19431 0.00005
2458871.25675 0.00004
2458873.31470 0.00003
2458873.43943 0.00004
2458880.17463 0.00004
2458909.29803 0.00003
2458926.13599 0.00005
2458931.12504 0.00004

